# sozawe/somahe
===============

       jan  | feb  | mrt  | apr  | mei  | jun  | jul  | aug  | sep  | okt  | nov  | dec

2010   900    900    900    900    900    900    900    900    900    900    900    900

2011   900    900    900    900    900    900    900    900    900    900    900    900

2012   900    900    900    900    900    900    900    900    900    900    900    900

2013   920    920    920    920    920    920    920    920    920    920    920    920

2014   920    920    920    920    920    920    920    920    920    000    000    000  

2015   000    000    000    ..

2016   040    000    000

2017   700    700    700    700    700    700    700    700    700    700    700    700

2018   700    700    700    700    700    700    700    700    700    700    700    700  

2019   720    720    720    720    720    720    720    720    720    720    720    720

2020   720    720    720
